function F = LoadSynData()
synData = [25.73412164
2.168384136
4.384839254
0
6.006586067
0.138226114
138.8798449
0
33.90152893
22.54116554
19.33710472
0
9.597778061
0
0.975632457
0
31.57518235
14.51886113
0.433460629
396.5287445
7.508644168
2.326504995
11.35652485
6.439880568
5.080483144
6.088965336
25.33203487
6.775091746
0
4.32401484
0.439350225
16.66278771
15.81259003
24.28557333
7.099538496
26.6556237
20.10955008
11.4370946
13.24799319
819.0176183
0.260648471
8.812921086
15.15426331
5.733619833
22.20214769
17.86824333
17.69367295
15.32568465
16.66293763
2.933669306
24.70828248
103.4742403
39.49019162
1.397459628
94.60140292
22.70409973
0
60.90493961
139.0178075
30.54759145
74.47302716
61.29845038
14.66208302
25.69715265
5.413217617
0
37.39319518
51.23746731
24.7849222
95.28834556
46.32948693
67.43360217
72.71030978
7.526421829
117.9450362
0
0
40.75670146
0
37.13347315
4.066129403
112.8427326
31.95803767
5.127371667
1269.0625
2090.208582
27.80522976
52.83660148
86.90085255
14.33877316
73.97720369
2.949751733
28.56094298
47.3946771
26.20224928
35.16364309];

F = synData;